  0.00000E+00  1.00000E+00  1.00000E+00  4.69466E-08
  1.00000E-02  1.00000E+00  1.00000E+00 -3.80307E-10
  2.00000E-02  1.00000E+00  1.00000E+00  9.01194E-08
  3.00000E-02  1.00000E+00  1.00000E+00  1.27642E-07
  4.00000E-02  1.00000E+00  1.00000E+00  1.15210E-07
  5.00000E-02  1.00000E+00  1.00000E+00 -2.52570E-07
  6.00000E-02  1.00000E+00  1.00000E+00 -2.03350E-07
  7.00000E-02  1.00000E+00  1.00000E+00  2.99856E-08
  8.00000E-02  1.00000E+00  1.00000E+00  3.74959E-07
  9.00000E-02  1.00000E+00  1.00000E+00  6.70785E-07
  1.00000E-01  1.00000E+00  1.00000E+00  5.65599E-07
  1.10000E-01  1.00000E+00  1.00000E+00  5.07931E-07
  1.20000E-01  1.00000E+00  1.00000E+00  1.09693E-06
  1.30000E-01  1.00000E+00  1.00000E+00  1.33216E-06
  1.40000E-01  1.00000E+00  1.00000E+00  9.91757E-07
  1.50000E-01  1.00000E+00  1.00000E+00  7.04597E-07
  1.60000E-01  1.00000E+00  1.00000E+00  7.98458E-07
  1.70000E-01  9.99997E-01  9.99996E-01  3.85231E-06
  1.80000E-01  9.99966E-01  9.99952E-01  3.99319E-05
  1.90000E-01  9.99570E-01  9.99397E-01  5.10044E-04
  2.00000E-01  9.95403E-01  9.93573E-01  5.44594E-03
  2.10000E-01  9.82204E-01  9.75186E-01  2.11995E-02
  2.20000E-01  9.62290E-01  9.47626E-01  4.52956E-02
  2.30000E-01  9.38879E-01  9.15511E-01  7.41461E-02
  2.40000E-01  9.14128E-01  8.81905E-01  1.05278E-01
  2.50000E-01  8.89079E-01  8.48254E-01  1.37487E-01
  2.60000E-01  8.64132E-01  8.15128E-01  1.70279E-01
  2.70000E-01  8.39502E-01  7.82781E-01  2.03423E-01
  2.80000E-01  8.15272E-01  7.51334E-01  2.36786E-01
  2.90000E-01  7.91509E-01  7.20854E-01  2.70291E-01
  3.00000E-01  7.68240E-01  6.91360E-01  3.03890E-01
  3.10000E-01  7.45479E-01  6.62855E-01  3.37548E-01
  3.20000E-01  7.23237E-01  6.35335E-01  3.71238E-01
  3.30000E-01  7.01532E-01  6.08795E-01  4.04940E-01
  3.40000E-01  6.80347E-01  5.83213E-01  4.38635E-01
  3.50000E-01  6.59692E-01  5.58577E-01  4.72306E-01
  3.60000E-01  6.39565E-01  5.34865E-01  5.05935E-01
  3.70000E-01  6.19977E-01  5.12068E-01  5.39499E-01
  3.80000E-01  6.00922E-01  4.90169E-01  5.72969E-01
  3.90000E-01  5.82404E-01  4.69152E-01  6.06316E-01
  4.00000E-01  5.64428E-01  4.49005E-01  6.39511E-01
  4.10000E-01  5.47008E-01  4.29718E-01  6.72509E-01
  4.20000E-01  5.30120E-01  4.11275E-01  7.05256E-01
  4.30000E-01  5.13812E-01  3.93669E-01  7.37752E-01
  4.40000E-01  4.98047E-01  3.76818E-01  7.69992E-01
  4.50000E-01  4.82753E-01  3.60755E-01  8.01924E-01
  4.60000E-01  4.68031E-01  3.45469E-01  8.33446E-01
  4.70000E-01  4.54074E-01  3.31088E-01  8.64227E-01
  4.80000E-01  4.41289E-01  3.18121E-01  8.92990E-01
  4.90000E-01  4.31075E-01  3.07839E-01  9.16480E-01
  5.00000E-01  4.25414E-01  3.02230E-01  9.29717E-01
  5.10000E-01  4.24272E-01  3.01135E-01  9.32160E-01
  5.20000E-01  4.24233E-01  3.01090E-01  9.32232E-01
  5.30000E-01  4.24452E-01  3.01222E-01  9.31850E-01
  5.40000E-01  4.25134E-01  3.01835E-01  9.30427E-01
  5.50000E-01  4.25705E-01  3.02452E-01  9.29132E-01
  5.60000E-01  4.25854E-01  3.02743E-01  9.28520E-01
  5.70000E-01  4.25882E-01  3.02813E-01  9.28318E-01
  5.80000E-01  4.26015E-01  3.02838E-01  9.28216E-01
  5.90000E-01  4.26231E-01  3.02868E-01  9.28122E-01
  6.00000E-01  4.26254E-01  3.02900E-01  9.28017E-01
  6.10000E-01  4.26151E-01  3.02964E-01  9.27880E-01
  6.20000E-01  4.26117E-01  3.03064E-01  9.27668E-01
  6.30000E-01  4.26213E-01  3.03139E-01  9.27402E-01
  6.40000E-01  4.26510E-01  3.03161E-01  9.27332E-01
  6.50000E-01  4.26598E-01  3.03150E-01  9.27361E-01
  6.60000E-01  4.26539E-01  3.03121E-01  9.27540E-01
  6.70000E-01  4.26345E-01  3.03079E-01  9.27778E-01
  6.80000E-01  4.25927E-01  3.03068E-01  9.27817E-01
  6.90000E-01  4.23403E-01  3.03122E-01  9.27793E-01
  7.00000E-01  4.03816E-01  3.03095E-01  9.27656E-01
  7.10000E-01  3.56974E-01  3.03300E-01  9.27776E-01
  7.20000E-01  3.06730E-01  3.03253E-01  9.28367E-01
  7.30000E-01  2.73707E-01  3.02969E-01  9.28074E-01
  7.40000E-01  2.64396E-01  3.03189E-01  9.27305E-01
  7.50000E-01  2.63748E-01  3.03219E-01  9.27270E-01
  7.60000E-01  2.63756E-01  3.03206E-01  9.27354E-01
  7.70000E-01  2.64187E-01  3.03123E-01  9.27623E-01
  7.80000E-01  2.65110E-01  3.03037E-01  9.27864E-01
  7.90000E-01  2.65566E-01  3.03045E-01  9.27962E-01
  8.00000E-01  2.65633E-01  3.03100E-01  9.27957E-01
  8.10000E-01  2.65628E-01  3.03157E-01  9.27812E-01
  8.20000E-01  2.65612E-01  3.03237E-01  9.27638E-01
  8.30000E-01  2.65614E-01  3.03261E-01  9.27520E-01
  8.40000E-01  2.65620E-01  3.03258E-01  9.27452E-01
  8.50000E-01  2.65599E-01  3.03234E-01  9.27322E-01
  8.60000E-01  2.65527E-01  3.03163E-01  9.27082E-01
  8.70000E-01  2.65501E-01  3.03111E-01  9.27004E-01
  8.80000E-01  2.65486E-01  3.02996E-01  9.27202E-01
  8.90000E-01  2.65273E-01  3.02500E-01  9.26480E-01
  9.00000E-01  2.60336E-01  2.94938E-01  9.02811E-01
  9.10000E-01  2.24237E-01  2.39641E-01  7.17897E-01
  9.20000E-01  1.49062E-01  1.30713E-01  2.10797E-01
  9.30000E-01  1.25673E-01  1.00761E-01  5.73760E-03
  9.40000E-01  1.25001E-01  1.00001E-01  7.54572E-06
  9.50000E-01  1.25000E-01  1.00000E-01  0.00000E+00
  9.60000E-01  1.25000E-01  1.00000E-01  0.00000E+00
  9.70000E-01  1.25000E-01  1.00000E-01  0.00000E+00
  9.80000E-01  1.25000E-01  1.00000E-01  0.00000E+00
  9.90000E-01  1.25000E-01  1.00000E-01  0.00000E+00
